178
799
491
857
503
46
566
584
446
597
283
715
125
982
333
506
102
460
11
134
37
454
9
583
227
29
136
117
331
568
842
556
408
131
383
850
270
824
49
826
423
113
214
658
980
245
215
575
123
676
61
541
145
457
239
699
258
835
604
569
507
577
50
273
621
616
771
815
982
586
68
357
981
504
609
237
861
395
236
235
456
849
721
995
477
435
290
723
213
553
972
620
115
616
259
566
997
388
318
220
166
134
244
418
212
537
12
609
770
843
947
51
645
261
203
246
261
583
802
199
515
544
718
294
374
826
645
926
213
194
724
671
229
275
599
513
850
790
112
907
672
549
606
113
899
134
831
830
260
757
98
759
293
63
117
932
485
641
554
513
204
928
536
23
101
978
542
783
4
80
30
942
454
326
732
546
536
190
147
692
402
625
746
922
149
382
40
673
630
252
119
151
724
143
449
656
560
590
7
511
477
96
622
435
764
160
840
162
243
280
18
279
193
322
348
66
652
50
8
305
240
761
168
796
381
60
885
76
143
428
856
559
256
744
423
162
704
809
344
986
711
637
857
359
383
879
49
862
788
967
465
111
267
505
666
332
290
829
402
793
751
81
585
588
681
202
725
416
45
488
195
123
110
551
810
233
389
605
900
957
171
194
157
204
331
639
937
914
388
922
811
896
216
28
283
882
375
926
511
369
475
854
238
774
422
297
521
734
662
222
151
803
282
708
600
36
330
70
776
812
554
839
645
690
550
454
180
809
761
990
451
80
791
934
688
566
754
825
967
63
875
887
769
467
243
356
71
455
720
671
872
836
722
205
970
824
658
277
521
813
889
612
616
38
348
858
109
806
327
173
36
172
975
220
158
719
203
707
553
887
484
537
515
551
750
199
168
412
246
996
40
854
634
801
609
72
797
212
156
934
237
109
797
931
381
509
479
479
861
545
368
465
124
461
237
157
198
799
203
952
645
487
360
492
683
899
467
989
11
19
637
26
867
133
674
429
667
186
925
657
377
761
42
709
759
812
641
36
585
228
137
35
986
607
665
539
8
83
171
325
882
817
740
184
790
738
196
147
902
561
60
691
436
114
9
781
640
325
2
233
189
684
139
693
712
797
728
645
269
633
36
14
812
178
979
266
688
905
891
493
621
351
370
409
426
444
798
0
385
891
527
937
146
873
639
631
467
489
325
657
873
178
471
572
302
635
969
944
392
908
722
527
82
889
158
316
288
419
896
208
316
647
528
153
623
315
145
353
893
866
691
985
503
130
771
806
438
145
249
729
734
985
387
820
528
888
538
849
101
334
660
12
993
229
125
56
733
696
523
782
713
590
95
365
677
949
252
669
963
705
225
154
221
395
564
26
458
955
987
28
212
294
63
943
386
236
998
219
717
245
682
470
462
442
472
568
416
526
423
197
437
405
529
326
648
85
692
359
279
20
212
748
842
377
82
947
606
542
415
869
289
63
375
307
349
24
46
581
185
417
718
886
133
699
464
990
580
164
92
313
870
838
48
650
690
590
370
469
650
847
838
777
902
9
925
131
518
802
219
812
336
823
783
230
213
712
49
46
359
920
146
32
739
287
210
925
45
8
872
934
957
622
937
987
414
185
353
840
563
264
957
137
547
742
722
165
905
706
863
638
650
141
826
750
618
140
807
180
84
727
729
897
152
527
96
954
730
514
409
426
423
854
74
262
482
901
22
682
683
246
790
901
367
373
514
400
803
810
556
374
60
387
918
874
655
719
692
183
546
225
281
344
471
163
135
374
490
808
387
252
327
470
438
63
480
294
917
394
257
565
764
826
39
266
204
101
824
774
138
45
440
841
564
283
118
90
753
988
413
910
207
660
720
508
810
771
786
994
595
691
27
594
933
696
388
512
435
364
920
959
293
982
142
620
414
530
249
384
800
794
946
524
848
717
821
338
567
836
694
590
407
259
14
762
805
235
333
495
413
519
174
630
389
867
335
976
189
668
107
44
895
669
230
937
711
460
784
933
711
108
122
880
478
72
428
363
751
996
763
926
82
107
188
727
320
269
601
460
334
908
739
914
255
588
26
354
99
557
154
197
316
189
167
810
797
389
529
500
180
681
642
785
806
48
308
909
864
370
829
226
854
642
767
402
647
161
640
493
670
513
756
690
765
592
954
221
425
800
371
639
621
462
168
408
278
855
254
437
901
123
603
681
97
157
309
261
100
451
538
661
46
220
793
67
428
265
512
802
357
680
61
722
336
160
197
452
629
206
702
772
609
614
189
818
554
73
747
11
995
441
