333
46
152
526
462
308
813
333
64
879
797
143
287
254
686
288
808
850
718
498
495
921
404
989
53
570
325
511
888
516
303
592
625
527
376
281
893
645
97
559
316
221
654
301
531
749
173
865
487
884
870
498
417
320
506
23
292
970
681
904
353
922
105
124
910
562
591
438
270
917
310
928
784
637
341
819
196
531
781
541
103
422
44
847
337
75
741
352
807
278
688
307
488
108
591
203
681
424
878
600
543
899
226
981
240
33
113
35
234
971
794
226
239
96
525
585
609
349
628
714
61
685
221
874
749
339
771
31
766
156
419
716
506
496
927
782
127
58
503
623
557
618
713
184
441
479
145
379
108
312
439
687
776
620
233
723
290
472
348
606
126
886
732
521
604
789
808
406
255
989
632
862
149
277
116
356
275
687
366
444
139
631
254
401
238
43
945
511
332
977
218
857
983
894
454
770
105
533
416
85
766
746
252
665
950
107
431
859
456
56
789
409
750
754
262
835
837
637
692
888
594
195
207
38
341
591
957
68
260
783
764
550
208
296
41
728
178
522
361
295
181
620
961
5
115
561
936
70
328
887
461
707
705
459
655
521
930
915
338
115
257
519
763
190
130
282
131
776
263
148
13
38
32
56
515
154
726
300
437
716
343
341
10
668
945
858
66
22
111
591
81
931
563
544
320
116
261
551
602
417
151
450
441
700
952
498
462
334
904
831
632
863
97
22
61
570
917
488
887
72
607
209
49
128
557
280
958
156
164
470
720
652
44
161
455
189
852
992
460
744
318
367
872
40
795
193
415
117
25
271
145
615
794
477
456
728
94
128
977
109
725
322
30
491
470
397
482
652
591
599
298
534
671
235
435
772
207
873
378
937
551
370
345
636
387
978
701
204
56
399
412
108
360
979
79
830
440
865
166
163
297
323
257
596
490
997
542
367
975
692
693
974
714
662
959
478
446
648
139
218
888
270
435
577
682
371
311
261
670
224
168
88
119
914
251
5
480
897
772
951
379
669
872
881
247
949
72
414
233
475
756
540
782
706
820
300
991
645
302
959
273
137
564
903
704
397
766
981
753
495
753
751
413
955
414
712
709
846
776
14
149
167
869
573
695
462
215
384
715
667
61
472
603
698
192
970
316
424
699
146
147
932
53
718
10
543
556
133
995
434
463
388
649
632
530
115
554
783
751
456
880
126
629
991
559
886
493
297
658
737
964
647
376
122
890
945
768
984
925
251
179
911
309
654
531
55
570
624
197
844
892
744
938
768
494
381
307
567
321
235
783
390
446
335
369
464
20
924
797
711
709
264
30
252
902
980
714
350
71
608
753
332
448
145
666
807
702
474
292
253
1
85
524
589
767
104
901
519
246
500
327
71
896
820
15
391
954
140
587
356
871
923
404
132
700
936
919
593
336
55
371
711
559
954
466
513
328
952
1
850
470
382
31
402
185
271
359
125
341
108
180
320
881
543
531
769
147
104
346
214
175
261
687
76
588
833
521
258
829
118
524
915
774
57
431
42
235
433
105
897
990
429
725
889
761
528
514
800
277
326
356
669
863
889
857
847
204
414
252
491
496
829
293
629
622
242
207
722
31
799
369
261
780
850
512
349
867
147
904
59
879
12
337
492
57
106
853
394
528
664
510
758
61
365
241
410
420
233
985
565
520
404
651
396
168
331
59
124
465
625
478
32
629
881
162
268
931
324
682
422
30
569
493
647
547
329
237
486
149
991
356
301
391
352
944
303
305
671
209
401
297
303
935
956
339
308
708
643
758
705
410
111
142
90
427
368
76
669
99
808
185
989
852
826
989
961
320
777
96
477
543
465
859
422
533
792
559
656
692
372
649
227
710
610
123
766
63
673
816
320
730
459
31
730
381
982
656
89
929
514
957
14
179
740
811
59
471
486
367
229
572
191
439
239
139
391
547
435
952
675
355
186
169
42
403
777
385
127
866
760
286
300
127
283
1
863
56
25
624
665
61
376
783
810
847
159
968
29
429
338
197
103
511
949
223
194
200
44
277
282
261
634
914
438
86
671
898
900
444
891
497
322
966
84
286
986
819
337
722
801
178
294
958
994
6
785
374
516
984
244
126
759
784
445
102
926
149
548
394
923
386
739
750
835
423
291
879
504
46
632
947
912
439
842
773
186
985
80
895
386
193
425
872
772
786
241
513
355
463
998
244
708
571
942
958
622
91
700
564
238
565
502
549
203
914
723
802
810
883
538
382
692
183
438
886
67
782
608
829
550
30
915
994
211
962
469
116
6
871
133
565
417
395
312
269
817
559
466
654
317
73
307
974
372
752
957
926
207
594
645
987
641
252
476
218
985
865
435
600
672
63
184
363
667
562
61
928
465
392
424
586
461
407
130
552
708
259
70
330
932
877
5
655
835
525
376
565
183
260
859
728
919
460
177
986
154
137
615
99
885
33
153
226
309
798
965
269
286
896
324
963
459
436
710
74
487
976
624
286
285
598
511
135
945
844
747
398
794
807
260
787
122
837
274
791
230
886
311
344
524
204
730
124
129
324
434
25
602
780
549
67
835
143
909
322
272
850
635
256
14
470
426
998
780
597
137
373
317
862
433
499
514
962
181
713
60
62
26
423
630
36
961
745
120
79
708
793
116
938
490
813
771
16
568
201
587
26
869
414
697
588
166
708
517
598
116
795
347
251
849
941
976
133
893
645
381
954
759
470
175
13
651
52
829
234
429
51
103
11
674
489
162
28
639
258
997
335
751
363
775
324
62
23
253
53
26
550
644
461
741
564
596
675
464
18
560
179
158
953
72
661
281
863
572
660
573
145
428
356
122
102
102
861
924
980
891
311
446
43
35
354
767
659
882
797
530
652
413
329
821
685
417
736
903
526
824
682
839
736
891
63
654
527
801
851
501
562
259
599
285
707
768
198
588
460
252
50
108
627
141
449
452
845
191
408
504
968
66
814
158
417
575
915
270
906
746
819
283
323
61
668
904
774
453
608
664
541
432
72
597
563
388
39
82
752
183
851
388
487
979
901
502
621
501
153
446
742
859
911
789
12
620
568
93
277
43
286
277
349
899
520
410
593
895
784
119
485
104
409
470
271
186
614
836
997
637
937
553
48
141
499
103
563
92
793
46
676
88
885
174
267
36
185
264
373
235
834
87
897
168
692
559
269
144
856
595
70
508
613
702
814
598
328
790
556
94
609
492
603
584
91
396
577
59
522
655
554
363
288
124
988
898
396
100
986
562
792
810
520
825
199
671
825
821
212
946
435
159
602
557
610
577
108
59
652
427
98
170
308
586
587
390
593
841
763
86
921
352
920
124
153
225
305
751
130
918
590
521
729
530
739
364
889
546
188
4
304
672
374
118
561
562
287
645
444
453
944
250
482
61
946
685
287
764
992
304
747
279
194
93
949
391
96
560
182
660
815
509
247
464
864
642
109
274
792
935
726
158
185
622
793
49
821
81
284
644
127
924
290
437
859
432
748
186
317
130
827
264
915
432
675
160
183
295
158
574
434
150
413
2
453
372
824
44
848
93
326
653
677
922
232
414
382
962
159
660
542
653
212
891
361
124
781
860
275
832
861
823
249
369
487
589
784
470
67
10
343
343
356
725
871
959
664
697
349
220
633
782
451
846
952
802
449
17
509
493
634
719
216
490
172
180
959
571
438
575
762
351
351
260
1
102
856
446
970
188
892
771
113
737
933
627
807
137
974
567
861
413
821
652
221
963
203
780
568
955
869
731
860
83
571
438
235
879
106
516
197
602
241
842
922
775
897
258
743
529
3
584
514
530
685
600
209
951
213
428
28
589
247
835
802
402
550
361
34
826
735
486
114
991
426
362
964
965
523
35
385
585
73
928
755
365
925
597
818
632
434
352
420
272
785
393
788
849
888
805
936
209
157
575
651
632
373
613
992
726
390
831
273
416
614
242
748
4
213
561
118
953
696
588
653
679
668
112
34
752
979
40
518
619
854
87
531
975
941
710
275
481
767
690
370
561
122
740
154
226
255
157
428
116
200
396
681
328
261
510
609
122
826
876
378
845
581
660
990
360
476
733
263
859
403
182
3
747
161
643
609
650
647
531
105
876
867
910
887
111
212
807
293
207
904
174
430
10
263
898
71
483
989
810
404
818
381
356
369
638
786
413
42
353
118
47
483
412
924
335
387
820
942
406
225
225
464
506
905
138
983
730
287
722
748
581
612
150
36
828
506
773
129
3
225
154
608
876
373
346
871
386
990
721
686
977
22
634
641
186
909
572
148
162
520
419
343
87
792
558
209
498
344
960
291
811
513
52
562
836
588
420
992
737
315
873
241
253
46
621
647
391
494
776
36
79
399
393
598
878
841
588
212
995
536
468
99
113
223
308
828
22
256
588
684
345
377
774
164
736
589
644
32
977
86
668
329
779
460
120
92
225
400
596
34
877
879
441
31
252
260
907
236
329
734
899
462
911
819
373
787
795
221
352
774
423
917
45
270
325
90
669
735
349
445
214
671
462
834
673
376
507
193
122
474
531
162
838
72
271
134
37
286
659
976
130
11
684
750
362
59
27
160
446
96
252
35
263
171
623
697
125
500
909
451
393
274
408
802
819
100
929
609
24
933
754
252
163
723
642
917
353
250
80
979
993
62
635
907
635
885
224
439
70
181
831
304
829
368
889
598
577
103
70
575
27
298
324
535
923
871
314
221
914
401
778
449
47
749
597
440
627
828
102
353
834
211
561
198
156
481
177
461
358
480
433
263
348
69
863
418
315
676
74
529
387
658
217
679
678
857
874
79
484
732
476
419
41
734
712
970
770
133
445
356
79
658
827
739
797
772
829
230
679
207
766
648
704
430
250
313
584
130
619
573
307
852
865
242
938
67
316
699
93
220
658
736
307
570
109
89
598
930
386
543
193
406
618
816
542
975
147
250
322
383
151
398
210
526
454
145
407
98
429
252
122
961
897
255
0
762
86
468
626
411
631
357
880
163
456
191
446
619
845
72
957
809
670
127
829
972
117
538
39
662
541
823
720
387
545
270
984
653
52
149
839
172
797
581
583
701
384
354
469
706
207
869
626
23
927
648
752
1
594
284
195
919
635
837
90
50
492
289
645
450
656
305
666
298
531
897
406
464
611
387
300
990
671
485
756
681
994
46
31
647
29
541
331
715
526
567
787
962
620
331
725
226
124
194
635
99
326
377
599
486
535
735
187
880
741
751
229
534
64
247
485
411
670
691
678
443
479
360
194
302
68
65
766
345
834
260
44
29
673
425
327
875
118
41
461
757
20
874
971
543
448
796
317
859
572
93
150
166
620
670
434
828
519
84
498
636
403
628
460
92
214
206
685
875
81
180
52
596
13
153
402
421
107
266
382
390
792
777
892
55
830
652
137
545
439
333
879
427
538
202
693
346
342
598
246
269
465
909
904
782
123
157
832
812
922
687
143
332
128
577
391
675
816
416
295
236
888
126
181
494
370
83
137
115
145
424
498
464
849
327
962
991
291
494
77
469
326
928
470
954
299
376
681
958
449
972
286
589
811
912
175
10
771
324
692
969
104
32
609
265
4
919
588
852
248
972
4
581
726
589
857
806
270
405
487
236
389
962
799
322
344
191
943
696
799
391
166
159
994
752
179
577
572
466
323
234
260
965
965
72
797
610
711
337
869
110
872
746
567
437
269
305
646
627
861
716
690
801
242
6
47
568
284
939
414
764
873
170
801
885
887
524
291
597
870
13
834
352
349
871
687
271
216
674
599
260
522
101
410
120
563
119
237
26
573
309
801
546
248
919
422
93
424
951
627
73
228
512
330
767
760
851
99
795
324
516
966
992
566
492
705
790
35
633
632
22
466
102
361
877
631
520
393
738
153
116
142
49
932
859
215
699
801
835
69
592
515
345
920
859
946
595
677
485
82
329
187
54
105
187
269
334
81
813
340
966
180
102
24
666
800
83
789
692
707
594
326
474
455
813
399
185
605
332
383
484
199
489
642
308
501
887
325
535
903
217
877
432
748
866
686
174
440
917
786
764
780
78
573
295
278
793
381
53
261
903
388
302
337
820
867
52
801
57
248
730
817
426
38
936
876
130
287
997
911
239
469
980
636
59
662
6
809
140
804
2
974
510
732
27
349
686
725
615
52
756
488
837
982
856
268
489
769
401
90
255
57
168
389
497
766
673
236
774
52
33
208
679
982
831
673
524
713
38
36
302
613
605
884
94
745
49
636
929
322
914
621
107
243
383
753
284
171
848
628
17
686
982
971
919
887
75
161
396
893
449
232
415
517
491
562
109
412
416
556
968
362
365
466
901
679
49
151
806
667
65
192
536
77
123
425
154
0
326
345
269
9
502
371
67
516
805
63
486
890
61
746
557
421
192
228
592
444
680
657
628
689
466
484
873
286
145
190
759
99
828
452
818
246
378
93
265
469
144
206
921
501
531
738
945
367
493
492
810
791
630
270
828
294
453
291
803
927
475
161
391
188
162
773
161
699
464
756
622
516
764
223
721
583
539
830
676
892
292
993
60
484
464
870
871
769
984
106
57
297
54
144
65
544
657
296
659
117
478
812
389
531
594
329
866
707
549
565
980
719
22
931
869
895
222
181
673
104
981
247
871
189
324
635
643
129
582
127
731
555
466
694
114
992
250
471
35
405
651
19
705
596
709
51
57
161
261
914
369
570
773
80
34
559
689
510
536
924
632
758
747
89
477
446
154
207
69
240
715
954
174
645
206
424
434
129
467
417
142
464
970
22
235
760
625
734
422
541
500
269
308
956
783
954
751
767
635
767
232
935
492
908
527
543
41
492
257
870
169
208
842
968
780
977
781
21
532
682
633
176
169
775
692
998
758
222
741
808
251
748
21
527
943
361
330
476
400
388
214
3
984
703
544
826
913
373
319
815
201
51
223
680
83
979
134
689
159
871
784
81
113
72
671
985
132
740
677
95
782
88
726
915
554
76
631
260
210
304
257
768
862
809
235
605
42
253
221
935
747
751
439
785
189
558
614
932
807
108
898
463
507
831
897
790
163
507
116
488
318
12
36
581
827
226
147
511
952
661
58
647
735
816
190
199
555
119
60
217
517
325
81
713
401
915
832
760
644
175
534
816
106
494
555
35
791
747
182
151
353
777
303
765
557
180
722
491
444
533
922
531
355
976
71
148
920
368
171
730
877
523
800
245
573
241
630
389
654
735
25
542
131
824
777
812
966
502
880
597
999
127
817
210
231
392
934
62
788
759
272
984
59
590
771
518
848
950
413
842
986
732
325
510
317
300
625
547
134
386
349
315
371
556
839
108
514
848
899
7
42
639
948
650
910
183
231
170
505
748
886
896
48
528
705
360
603
890
160
918
329
956
412
802
965
858
699
770
663
195
612
206
642
366
955
835
397
52
741
516
900
65
341
879
214
638
642
581
804
296
232
559
560
989
75
246
769
838
226
512
839
311
721
569
404
300
63
41
261
998
44
73
796
311
411
379
689
435
518
332
451
911
473
594
353
671
428
511
879
21
214
508
798
57
672
65
450
837
69
741
99
328
260
281
848
138
661
797
389
518
300
357
78
965
761
603
980
593
113
933
873
168
541
703
514
264
445
516
927
957
874
680
531
130
856
76
956
390
186
984
971
790
431
818
351
583
345
645
683
965
739
883
358
161
927
497
346
596
135
115
874
317
128
960
327
784
320
997
218
621
311
948
294
992
103
236
713
79
613
454
121
498
898
953
684
264
909
42
278
853
846
740
573
898
358
895
210
590
190
702
533
263
17
148
169
853
518
831
247
100
821
342
329
256
969
66
67
69
799
551
891
537
473
970
262
977
317
588
956
949
125
60
891
452
770
621
490
58
905
325
603
950
885
433
683
875
699
745
34
612
525
135
778
878
915
354
402
610
646
686
32
599
257
573
437
356
15
248
757
569
345
317
552
700
936
959
768
389
348
620
701
100
430
752
603
597
445
685
431
625
822
29
166
904
137
437
259
298
458
571
312
340
182
607
335
577
493
686
390
864
747
207
509
150
888
729
285
217
658
347
529
866
348
290
721
821
256
797
169
895
270
261
423
528
173
257
494
36
410
162
483
739
797
550
280
866
551
479
685
864
81
724
109
237
393
941
364
847
135
398
534
114
782
191
243
572
599
172
334
111
794
204
696
850
95
247
49
432
74
154
706
917
62
693
849
335
188
930
811
823
561
245
911
7
189
426
386
499
792
615
292
971
955
985
903
624
291
108
825
330
918
130
697
301
266
832
559
917
586
329
348
580
792
5
257
677
977
128
900
922
276
570
95
360
359
287
184
463
866
785
422
889
958
796
688
324
440
886
324
792
346
168
530
753
758
461
258
294
385
124
851
865
458
888
346
794
185
457
999
1
375
732
260
147
196
825
256
68
316
26
14
145
891
337
849
797
96
288
79
103
3
626
130
38
49
425
631
321
624
52
757
498
500
680
180
303
21
287
947
571
772
659
593
788
62
529
960
569
43
157
591
590
0
317
235
961
30
269
132
58
727
203
218
106
443
53
106
359
239
370
577
181
717
617
685
76
430
166
483
921
987
273
213
683
490
85
487
628
492
577
510
209
790
789
884
46
501
488
565
76
509
689
315
246
402
970
719
608
561
905
277
514
382
595
158
922
345
227
461
610
728
327
999
507
765
834
676
422
489
627
706
361
355
785
461
675
888
216
897
795
687
673
698
714
909
302
651
518
763
600
7
391
224
684
967
269
156
722
249
776
2
453
609
585
237
798
386
207
778
241
891
642
298
191
257
789
367
996
665
742
312
640
792
700
850
867
990
434
246
749
272
239
422
682
435
489
872
381
737
107
69
197
267
707
365
568
984
299
697
88
419
589
61
607
918
215
634
69
95
32
864
291
353
129
92
24
27
823
185
127
538
573
340
727
407
516
102
458
616
444
97
714
924
83
39
347
314
341
681
870
203
438
747
327
113
995
687
983
629
151
997
251
388
649
382
738
846
573
475
69
940
856
78
684
122
799
484
167
615
40
239
19
961
359
142
926
303
941
680
455
449
358
953
350
222
265
506
275
95
760
281
303
837
429
848
718
301
843
252
668
632
50
159
837
738
207
242
184
27
859
523
728
421
501
984
278
523
81
53
603
519
842
306
938
146
409
809
976
316
124
507
409
575
448
12
317
718
507
418
759
774
453
340
54
343
12
235
733
622
961
599
754
906
827
797
746
90
10
107
392
941
335
49
351
748
573
924
358
273
605
393
596
780
976
260
417
560
36
410
123
106
377
316
483
290
646
194
149
786
285
996
927
984
721
610
112
354
158
992
440
268
185
755
808
414
46
687
962
755
82
271
719
550
453
76
656
662
789
651
675
626
739
566
262
752
67
508
901
138
921
815
114
170
385
329
41
408
357
997
228
498
554
471
949
858
803
48
732
85
690
76
968
923
528
388
591
577
706
102
647
261
910
717
916
585
30
222
848
308
133
850
329
307
323
68
747
823
351
292
95
307
489
325
228
139
840
880
626
491
162
15
780
700
490
97
27
190
201
721
150
309
64
44
498
498
350
238
98
265
376
35
883
558
392
368
910
503
675
240
950
991
819
577
384
750
180
616
27
62
153
558
731
693
232
316
255
366
40
281
181
468
882
872
798
937
548
41
491
507
447
946
938
484
779
487
854
624
851
836
601
987
455
400
465
118
703
214
270
960
259
639
292
993
72
288
484
630
85
727
124
289
138
320
133
22
158
625
835
144
982
322
751
749
57
300
305
939
874
141
422
476
864
950
116
477
891
827
26
814
610
844
267
557
871
741
419
510
346
991
718
771
24
739
583
75
882
231
554
245
590
42
287
696
962
975
996
923
872
232
518
146
688
486
354
517
176
485
851
360
560
354
997
436
136
999
801
893
18
202
764
608
229
339
103
286
575
443
539
293
423
776
678
516
51
704
591
81
401
671
900
646
246
167
110
700
394
382
938
865
452
930
536
721
128
228
132
690
261
108
176
500
893
892
535
75
731
642
958
555
791
953
155
503
195
782
285
912
938
130
48
240
851
877
104
742
412
508
95
953
933
491
916
323
149
479
966
711
625
55
921
915
569
436
501
848
423
275
427
490
48
388
259
717
816
564
575
357
142
293
489
564
728
961
754
988
831
83
988
669
489
745
979
939
29
60
710
241
163
990
383
799
468
595
377
317
805
493
993
502
925
710
676
439
863
552
314
844
172
729
236
735
427
722
895
383
742
673
88
844
780
0
200
748
455
304
320
182
801
840
394
972
599
472
974
761
670
907
378
427
965
930
595
469
441
265
368
262
215
769
491
354
0
959
954
634
674
942
492
922
729
413
841
120
976
122
301
284
372
409
13
485
878
72
168
324
225
478
593
513
370
910
615
221
960
383
566
156
717
911
789
738
957
889
500
560
590
678
543
129
463
49
213
983
277
651
834
343
709
186
69
984
93
660
344
130
300
631
607
399
83
710
971
77
741
872
866
213
40
257
906
353
344
838
877
78
490
739
870
643
199
956
348
526
417
558
655
227
146
985
19
340
658
92
847
537
934
163
478
44
421
455
14
913
233
979
142
72
299
149
289
117
14
198
21
898
181
872
169
820
740
613
208
749
425
252
517
140
469
680
775
286
815
560
866
543
265
671
240
663
229
773
421
46
786
352
663
390
91
339
844
816
915
398
197
74
667
590
747
504
818
786
470
319
602
884
191
935
471
142
177
233
918
56
50
49
369
491
543
666
924
404
45
908
73
982
451
675
155
946
254
373
350
530
153
337
937
610
910
616
712
112
848
186
199
201
33
68
746
773
416
874
891
868
288
734
894
511
813
577
561
88
667
267
958
628
382
28
585
72
980
411
264
879
176
551
41
903
612
809
860
381
331
586
205
577
963
136
129
802
959
868
877
992
121
149
191
592
575
432
659
714
268
841
944
450
225
682
669
558
500
237
642
992
268
868
713
927
113
120
862
108
160
546
453
905
486
674
235
308
171
825
830
625
629
8
503
494
852
801
380
867
200
689
779
800
396
947
507
528
162
322
617
317
674
417
172
231
639
289
95
527
657
124
551
364
621
956
122
945
624
31
40
919
692
409
156
865
514
5
885
525
631
65
330
532
334
211
401
241
489
279
296
857
247
222
19
191
35
872
530
263
815
910
520
36
907
809
734
554
72
701
138
193
965
713
257
952
103
166
811
234
576
172
349
569
795
963
941
468
920
132
795
89
889
80
334
943
751
206
979
823
197
951
771
19
920
426
897
262
107
376
14
30
666
439
248
551
960
893
729
194
978
420
259
807
44
973
203
697
106
799
209
409
867
871
343
855
530
789
102
582
842
571
968
857
273
854
332
258
565
23
895
408
447
659
16
249
482
345
920
690
21
338
368
308
438
297
642
444
113
106
751
998
24
139
317
599
441
884
945
851
867
829
382
986
174
573
226
810
186
963
408
880
151
293
323
231
895
952
817
438
272
404
38
44
369
224
939
300
620
780
725
788
739
474
232
46
141
44
449
883
790
790
951
865
662
963
894
522
883
957
844
721
955
783
832
327
249
45
630
399
228
305
83
988
494
545
578
389
719
328
672
528
953
685
628
690
993
266
396
483
691
266
499
918
822
409
360
703
595
660
105
701
402
2
882
173
125
995
772
833
641
184
581
347
97
639
348
767
52
433
555
463
141
873
894
42
70
973
267
76
579
651
974
885
193
422
174
349
337
491
127
187
810
4
827
695
369
213
636
922
918
66
758
889
722
618
485
635
413
348
256
97
771
884
822
309
775
864
698
234
114
662
379
682
323
429
763
470
287
733
169
997
930
638
710
771
905
889
624
637
951
573
116
755
841
325
791
306
373
844
430
846
388
590
208
30
724
617
617
127
341
950
468
884
26
218
747
596
77
730
452
737
774
125
757
278
499
702
66
50
235
392
314
687
806
289
679
358
120
116
121
596
654
494
72
257
327
288
53
705
157
747
248
64
228
187
625
577
351
908
949
437
182
842
18
143
946
606
857
860
988
731
777
991
13
254
912
738
645
227
589
961
241
959
521
227
154
441
323
776
885
205
905
508
385
322
79
145
903
850
836
361
374
744
898
568
630
288
632
990
702
990
272
268
454
15
230
630
955
566
379
901
910
946
89
206
591
364
845
400
211
172
567
755
337
20
896
33
514
449
246
663
467
974
430
500
862
738
414
218
124
965
191
838
458
866
773
296
309
303
894
778
864
276
691
832
681
87
641
536
255
988
915
70
862
263
735
213
112
330
573
88
322
122
987
541
216
974
632
821
916
243
377
483
896
801
939
514
883
15
424
492
111
601
210
827
123
836
414
442
218
50
770
240
660
24
113
339
594
823
471
123
596
506
727
930
67
552
243
115
643
916
842
461
250
152
103
22
351
554
16
94
534
974
190
542
4
292
98
437
240
459
316
809
287
25
165
367
896
456
605
245
946
74
518
740
787
882
244
483
68
529
709
944
851
626
116
840
448
55
502
952
339
95
544
310
164
674
427
995
171
96
921
839
609
305
740
572
541
19
739
973
859
969
947
386
389
945
482
645
423
378
420
576
762
817
729
649
781
677
210
201
668
450
568
169
548
23
277
867
658
686
203
52
995
161
17
567
446
718
626
130
287
238
993
237
368
28
636
930
529
894
131
550
207
971
505
500
648
766
600
367
101
440
903
364
659
594
732
947
17
246
705
719
503
828
326
741
140
598
497
905
197
34
600
838
292
350
423
678
290
324
816
862
599
830
988
462
544
959
673
284
49
854
969
32
213
89
371
921
172
831
48
688
899
764
825
298
681
245
76
940
143
702
776
729
802
219
747
277
589
984
535
142
82
33
715
963
236
72
483
362
112
547
288
536
851
588
51
475
40
344
376
67
484
124
358
130
684
168
192
646
784
163
766
261
792
740
522
247
298
67
695
673
538
741
0
790
133
206
825
261
988
148
792
841
921
685
905
418
24
222
514
464
389
344
989
770
548
918
823
417
876
4
972
789
473
356
205
506
376
233
79
142
442
658
808
184
726
938
640
548
428
588
579
369
242
195
489
659
592
790
850
675
219
213
503
449
392
113
767
790
257
243
879
399
788
978
166
279
845
275
103
872
518
975
17
462
728
923
916
149
965
657
84
334
187
865
754
512
809
716
681
866
190
558
556
413
49
120
627
157
426
538
200
708
310
932
815
659
640
843
800
115
90
293
440
520
94
16
131
118
192
801
345
576
248
778
8
406
510
655
101
702
100
257
365
687
187
189
265
662
148
276
843
560
280
11
60
280
625
406
45
100
422
520
491
138
757
973
634
891
589
49
956
178
835
976
425
333
588
212
207
825
546
250
739
757
585
540
766
651
217
267
901
167
770
900
620
523
304
914
103
620
242
907
66
309
115
343
80
737
527
84
921
46
268
488
726
419
257
203
472
231
381
467
831
13
935
708
727
133
600
21
130
790
344
270
746
441
59
134
640
113
3
745
889
342
526
123
857
858
490
271
974
683
634
864
377
269
428
773
726
783
10
982
916
978
786
711
848
212
620
194
101
209
474
137
756
819
117
564
58
687
0
754
718
916
159
112
876
716
285
150
519
175
768
636
474
205
47
239
750
856
504
518
541
580
777
389
778
68
769
112
447
191
472
367
99
482
659
714
832
856
874
413
409
848
965
620
30
738
460
884
657
734
43
643
58
966
51
954
941
242
627
24
686
449
450
910
571
178
304
310
966
697
695
989
451
965
321
456
205
983
54
560
124
79
603
382
678
4
16
912
90
32
420
207
5
443
740
592
662
984
450
877
328
441
520
978
94
455
37
805
563
696
924
48
891
386
946
612
109
270
352
788
636
413
458
310
75
859
385
978
848
549
110
602
561
56
782
732
851
781
336
928
624
366
9
201
851
22
937
718
331
939
120
513
494
351
460
56
360
23
836
424
694
732
556
608
553
540
502
669
214
341
854
756
804
760
560
153
61
667
27
494
486
911
206
326
305
616
37
322
834
550
690
220
390
354
548
109
581
801
117
515
15
803
292
751
39
933
742
763
55
473
997
334
187
285
454
838
424
387
79
684
321
500
388
49
990
250
270
738
228
780
712
501
2
86
729
479
314
502
560
913
301
617
7
802
726
976
100
416
587
622
743
36
267
966
184
755
744
61
301
991
467
625
393
875
177
656
936
942
214
92
285
76
47
862
971
935
842
678
935
384
428
460
160
655
778
557
239
115
555
338
928
340
232
5
127
418
925
629
9
172
939
839
888
849
434
584
606
17
196
516
376
66
411
546
12
731
233
823
479
335
131
955
154
738
669
949
707
403
97
426
449
804
638
26
950
242
103
493
216
561
728
991
920
561
806
840
309
663
227
753
254
229
978
1
84
576
171
152
712
574
418
467
618
852
349
447
454
548
128
741
922
90
777
757
381
452
699
689
2
526
817
156
839
775
75
462
600
449
414
854
384
120
579
246
8
690
710
863
190
552
257
45
176
213
474
79
32
151
547
580
56
253
429
589
376
93
887
38
888
43
230
492
655
802
379
36
261
369
822
409
144
815
581
473
271
757
668
216
472
670
328
854
185
654
224
247
405
1
25
155
684
158
965
31
64
551
902
554
395
45
81
697
557
791
923
842
963
913
148
769
342
382
177
516
80
488
311
671
944
803
395
33
231
394
435
609
805
297
329
181
360
714
576
910
549
345
580
177
226
695
423
816
345
271
678
549
689
820
589
251
394
678
917
518
236
261
322
848
229
72
291
892
889
198
8
861
225
251
65
212
405
734
80
346
709
666
921
446
145
663
713
472
647
758
660
780
329
154
301
130
739
663
517
28
834
291
798
474
828
986
908
615
825
569
454
236
750
16
761
804
105
219
382
782
110
863
533
420
800
984
287
624
641
454
202
774
529
928
61
20
535
679
547
751
502
607
299
143
86
464
575
214
342
859
844
990
133
669
511
262
957
92
278
13
142
791
737
927
829
784
869
626
345
357
86
835
871
977
156
300
541
490
994
539
932
417
44
173
814
553
382
788
808
106
299
4
170
142
300
665
661
32
265
278
392
496
861
119
457
11
415
817
809
677
363
558
623
46
492
160
125
761
730
913
356
143
910
522
421
483
117
220
388
613
588
836
502
500
173
491
772
919
399
599
757
745
834
152
595
266
164
562
354
158
799
384
702
599
550
188
194
919
477
366
12
748
703
148
295
648
740
972
120
146
429
317
820
701
316
713
865
822
256
467
675
758
693
33
444
525
970
931
853
193
516
866
796
56
854
320
224
148
826
685
752
914
333
555
122
651
0
142
589
721
89
412
334
595
77
136
785
132
235
278
486
912
613
884
657
494
581
149
405
808
346
944
365
723
525
528
174
535
41
329
567
724
100
50
82
616
957
613
322
338
887
197
862
77
470
214
549
536
948
456
588
703
583
657
115
869
439
107
969
164
50
949
713
155
791
186
524
170
588
178
705
406
701
518
89
753
455
842
284
419
721
942
47
764
832
893
223
878
313
739
393
581
77
945
810
148
247
598
776
631
741
200
95
322
232
44
19
264
473
512
157
557
951
129
67
180
883
834
550
152
123
213
398
570
604
898
582
959
694
108
93
901
48
15
176
104
983
635
719
467
471
4
63
224
257
284
375
249
489
989
806
4
974
27
422
933
689
664
396
247
855
96
965
523
804
15
209
127
960
475
221
906
103
164
714
261
73
794
403
229
606
299
475
436
134
183
436
580
676
779
883
615
367
843
66
481
853
609
67
296
71
112
525
175
565
452
5
296
714
618
462
482
900
74
475
480
708
931
992
246
960
479
245
830
256
542
275
371
111
692
773
535
0
165
790
751
300
325
755
575
685
798
371
285
804
869
246
271
604
354
435
400
773
573
471
226
998
583
766
112
538
66
728
334
407
340
357
854
688
261
863
411
483
585
228
268
68
348
246
454
348
60
948
167
119
798
890
882
741
338
503
782
963
382
103
683
754
589
431
429
90
788
726
649
773
658
842
5
810
921
879
470
107
229
932
392
945
902
702
861
559
245
260
984
736
815
404
550
478
597
404
650
697
410
663
289
418
340
532
456
699
815
873
129
575
47
142
119
655
145
663
873
670
467
973
964
634
69
506
545
727
543
812
685
474
319
144
170
10
473
201
193
844
498
287
527
21
294
711
293
62
618
175
222
381
599
239
79
961
565
989
851
282
214
876
268
950
438
541
380
434
874
446
2
868
874
936
982
692
86
4
832
271
577
223
798
6
720
148
260
670
290
325
93
629
616
482
625
707
571
593
810
267
390
775
865
627
658
974
508
623
47
292
797
121
446
24
558
252
558
815
266
844
916
391
753
450
628
974
526
507
505
916
752
594
65
552
504
317
724
938
575
597
613
955
520
67
849
870
401
470
529
172
845
271
60
181
126
836
230
74
293
911
621
512
862
460
649
391
136
842
921
704
189
353
162
843
153
661
923
372
247
736
163
560
454
199
512
12
509
146
378
190
553
972
162
187
60
62
500
435
939
603
311
986
128
933
164
86
544
7
636
880
28
974
837
744
379
653
123
299
796
995
895
331
426
885
131
899
594
382
388
987
243
754
436
529
885
1
926
643
748
142
308
610
334
468
449
416
887
391
255
446
201
754
312
423
448
259
94
311
909
534
784
393
86
21
488
730
737
457
953
249
405
793
287
484
753
53
752
288
961
945
837
947
461
407
413
959
755
3
313
639
596
23
427
275
671
909
352
792
31
426
254
430
853
366
393
44
244
221
444
441
511
159
166
836
526
725
235
723
533
508
612
507
476
679
970
302
823
89
76
434
781
311
604
730
927
217
663
594
333
919
311
44
35
533
574
632
638
853
781
840
460
675
907
996
296
740
405
484
980
153
246
169
991
185
22
197
912
571
869
71
193
761
395
374
868
418
74
332
207
553
994
664
765
662
630
3
976
687
672
738
699
101
395
421
514
967
201
551
578
776
442
465
610
213
39
966
600
519
845
181
274
211
316
80
427
876
483
74
479
686
845
130
662
186
78
65
156
505
259
163
116
310
660
220
719
958
778
524
547
504
51
400
664
17
926
68
947
670
376
185
797
42
491
745
519
753
674
948
499
692
583
958
218
684
856
129
906
256
480
982
289
901
23
608
58
593
810
691
4
349
364
933
594
647
436
672
997
805
480
955
7
80
339
142
291
257
482
314
508
488
9
760
98
936
528
323
881
51
143
30
943
74
898
883
296
133
840
86
573
757
990
879
403
908
189
64
549
21
731
320
309
492
300
897
932
505
750
823
137
78
815
807
938
19
656
51
319
691
634
373
356
662
191
643
648
873
708
581
78
906
246
547
732
935
526
210
591
406
365
35
547
973
858
684
873
642
92
42
169
255
416
802
251
432
38
989
295
756
658
628
669
436
562
825
67
721
939
306
39
638
493
978
913
379
67
254
428
690
233
305
12
25
451
767
744
202
759
704
208
37
995
900
847
606
690
781
19
115
66
370
471
402
11
144
248
886
997
59
24
231
67
40
82
666
962
589
218
366
57
602
706
501
617
287
79
736
837
853
737
927
279
751
51
264
442
598
56
728
844
821
501
369
318
175
899
484
12
42
835
826
808
828
873
360
216
149
704
4
452
281
432
199
187
105
153
304
864
523
46
124
340
884
871
687
256
471
488
110
85
643
152
206
478
912
23
64
309
76
542
745
694
935
437
355
857
109
590
436
144
428
751
128
19
109
818
724
600
961
75
972
808
985
651
366
840
951
557
23
900
331
111
854
571
766
404
475
819
634
943
410
986
958
792
238
506
633
54
265
769
344
127
157
879
146
954
371
640
70
676
43
894
297
692
867
798
498
971
812
694
294
285
85
770
499
25
133
98
94
37
63
560
143
735
161
928
591
853
596
492
230
109
301
517
711
167
574
899
685
378
509
787
365
26
831
962
340
638
543
204
486
818
562
805
840
281
121
923
122
317
27
935
250
388
826
968
606
179
181
605
427
511
971
24
304
194
507
231
592
95
608
532
458
239
115
99
472
711
851
114
378
328
880
368
583
436
866
628
473
399
68
526
339
711
117
313
765
713
934
502
220
463
622
348
751
256
160
245
287
156
446
391
737
632
823
195
395
570
855
317
202
426
417
628
664
614
878
108
474
748
736
555
583
328
941
225
151
147
43
243
665
884
707
229
102
841
479
699
576
909
660
459
123
391
165
964
651
95
210
881
47
575
410
459
446
681
655
552
28
176
612
352
748
374
838
683
519
611
399
473
855
708
420
674
252
808
93
759
449
232
235
836
954
413
227
891
685
818
369
80
427
738
524
748
22
974
110
445
909
210
985
857
659
748
304
31
949
886
260
542
211
527
115
939
761
857
497
547
466
514
874
455
327
208
594
280
51
804
601
958
833
821
373
475
495
464
403
402
622
944
714
486
489
655
905
34
426
650
5
772
657
88
955
464
842
319
68
404
596
892
815
558
214
47
312
34
622
544
961
444
317
779
894
544
467
399
216
143
569
845
228
204
902
175
919
345
874
413
531
859
846
684
814
181
785
171
858
787
322
773
330
685
848
744
301
228
314
681
291
233
374
58
846
351
169
653
532
857
912
32
430
65
253
913
703
58
597
413
184
738
986
500
285
25
81
832
970
436
408
965
363
100
398
884
430
703
857
14
604
26
918
844
408
120
845
30
345
490
22
428
905
577
150
93
524
555
779
657
503
60
330
223
35
9
982
144
349
859
94
368
428
540
190
196
870
812
798
919
382
681
360
259
139
726
203
340
338
921
247
939
710
869
662
387
824
14
621
92
334
458
964
955
977
267
240
165
977
822
328
28
899
978
977
249
334
466
667
836
677
908
400
634
867
745
723
216
440
561
155
922
974
895
73
742
57
480
50
836
227
133
193
116
547
824
55
672
470
181
597
539
435
657
159
164
928
729
485
302
606
213
497
173
5
936
914
740
944
126
533
319
556
435
794
47
539
157
126
588
665
325
421
826
83
375
160
683
660
228
65
251
343
59
463
137
685
249
521
971
805
640
625
310
552
538
326
951
93
900
538
985
481
918
147
73
750
31
6
587
14
355
842
951
102
924
148
2
192
741
786
751
563
422
262
394
732
208
620
792
560
201
147
936
37
179
113
925
428
603
457
728
985
649
615
673
856
801
477
547
510
817
579
560
279
316
91
114
866
998
356
823
560
438
188
746
50
268
379
213
548
181
549
131
831
928
389
66
607
997
344
682
184
35
764
471
598
732
63
497
393
466
523
570
245
307
953
994
728
13
812
511
532
668
545
845
95
446
498
354
818
63
869
854
742
598
568
693
650
10
374
342
815
695
341
452
498
158
327
362
432
952
248
921
336
387
71
724
801
298
676
769
944
38
227
219
842
732
821
163
872
149
160
363
391
182
932
514
853
555
694
501
812
917
247
183
935
802
19
308
691
316
533
798
694
664
44
911
751
907
282
642
185
781
164
912
232
154
902
170
607
530
545
978
469
369
466
929
411
260
258
820
816
892
100
72
576
22
925
791
580
54
509
539
116
938
805
202
759
594
614
545
532
60
406
976
873
581
198
927
199
68
869
50
635
559
530
5
928
586
85
537
399
463
359
76
731
111
904
124
388
760
954
255
287
863
22
215
963
541
958
293
997
409
448
718
421
2
123
562
788
399
314
118
876
518
736
517
153
529
770
883
688
388
682
304
397
11
487
486
860
203
841
90
135
865
660
874
288
295
735
735
731
673
410
644
483
503
46
987
733
755
811
403
361
388
806
569
632
690
622
203
22
357
282
983
314
902
260
158
953
356
6
261
857
339
440
194
518
707
708
334
678
742
500
969
535
779
173
204
624
174
397
657
717
806
580
725
915
268
863
310
41
213
217
91
66
167
152
533
551
982
541
84
856
406
81
428
56
942
131
665
888
955
234
728
993
64
371
898
731
499
755
28
922
481
377
633
685
224
216
525
713
602
606
132
778
601
772
501
789
55
563
379
828
893
452
763
958
828
584
459
189
306
982
483
151
799
500
296
966
252
439
125
557
22
932
851
209
206
998
428
781
889
347
231
641
716
444
301
489
253
352
806
197
964
790
667
972
563
729
938
531
590
674
895
190
563
90
247
821
601
809
128
632
614
811
834
105
289
633
417
869
783
394
200
460
363
229
868
423
422
333
791
911
505
153
741
787
190
889
528
194
792
233
847
873
316
588
429
335
258
188
772
355
419
299
389
984
483
746
771
869
111
977
746
816
794
137
997
111
388
636
368
774
48
246
676
204
966
119
671
739
195
424
785
299
825
58
523
527
664
45
51
613
525
691
288
870
894
185
493
422
126
295
785
569
668
184
217
662
82
343
275
245
858
613
75
321
904
682
129
715
893
791
823
984
426
639
149
629
96
180
660
452
895
329
87
623
292
564
812
697
279
660
451
514
748
676
274
464
18
780
810
718
37
682
867
677
729
730
275
481
773
528
942
750
855
909
495
148
530
14
596
519
662
5
130
644
213
103
190
65
665
260
969
687
665
486
66
430
672
968
339
466
365
503
745
546
573
977
651
215
175
965
974
378
278
305
937
423
873
970
619
793
445
816
507
314
679
732
603
782
530
122
523
729
524
576
988
799
74
300
535
543
604
803
727
949
26
722
97
604
272
599
519
490
721
533
816
519
106
403
94
226
632
596
166
294
510
922
187
900
57
299
3
169
572
658
606
715
666
15
580
96
858
953
107
200
791
837
778
634
245
326
611
779
661
736
107
225
333
508
475
502
43
946
619
349
973
78
620
51
356
288
187
346
606
358
318
11
34
373
176
682
565
101
277
515
407
114
283
446
732
169
291
31
637
61
484
170
501
748
979
278
124
633
936
277
714
773
606
719
578
670
47
981
32
220
62
920
656
39
696
45
17
339
4
839
809
716
526
814
684
867
157
646
580
423
575
349
276
223
411
427
973
53
495
206
790
719
172
777
193
439
623
862
682
747
13
539
681
332
765
593
619
369
531
936
938
681
926
13
4
312
495
553
763
189
327
497
424
11
985
167
172
194
800
851
828
867
905
793
553
535
286
340
841
920
722
608
359
33
480
287
969
612
741
498
591
298
44
360
808
757
302
891
254
749
89
803
55
209
938
46
112
4
993
77
851
69
200
455
236
241
952
382
440
568
525
103
180
908
643
905
827
334
918
682
384
892
515
629
216
419
841
327
854
132
494
249
167
649
620
382
307
734
99
697
479
181
645
147
731
152
568
803
407
915
197
941
166
118
140
265
109
806
151
502
31
806
742
574
601
535
460
388
357
650
485
474
881
591
916
603
623
956
383
502
924
952
581
88
92
300
53
804
665
384
19
710
158
924
968
380
406
99
467
19
343
392
916
1
677
97
818
303
86
854
487
277
331
456
582
772
903
652
255
792
138
84
915
340
295
885
934
383
681
993
234
167
863
990
755
352
891
34
11
545
383
796
259
801
961
520
721
894
360
62
165
879
951
962
315
522
809
825
844
1
790
161
853
29
83
491
496
985
678
435
209
139
586
361
529
242
395
553
643
931
980
371
335
432
854
370
11
601
316
501
600
287
440
637
592
489
718
975
127
882
402
454
103
784
191
70
668
249
340
743
591
995
265
685
850
720
503
353
423
884
190
131
316
727
95
452
568
952
286
843
934
996
275
966
166
731
203
428
63
950
386
892
886
248
651
0
904
727
472
814
387
868
794
377
867
65
896
378
419
737
586
882
994
299
417
131
531
195
728
241
720
239
868
27
53
626
446
386
223
400
562
101
373
773
784
267
883
936
470
992
383
550
342
836
406
616
306
491
884
859
460
665
202
883
284
34
327
349
465
582
567
873
578
422
283
852
57
578
300
450
170
3
786
859
299
297
763
706
720
299
871
816
762
1
846
760
413
19
965
132
356
49
468
202
977
626
489
841
932
626
523
558
820
250
331
212
745
382
724
926
127
284
530
816
878
665
238
648
464
362
234
349
493
867
474
440
929
18
248
245
955
622
398
92
432
59
406
609
846
0
608
879
744
658
574
989
226
463
757
40
138
128
219
219
764
381
284
618
627
430
934
420
845
387
965
183
460
920
236
387
261
292
510
376
185
411
162
107
712
940
459
90
679
754
292
866
765
191
716
182
845
153
289
605
438
557
711
503
321
368
604
999
220
519
718
293
791
172
381
397
974
493
536
165
740
70
153
352
603
1
422
859
403
694
485
92
846
676
592
170
997
671
373
715
980
554
314
564
846
109
72
354
555
237
112
348
948
158
372
225
343
335
241
951
335
632
805
328
799
730
242
748
170
895
538
466
23
226
349
533
951
235
242
360
274
642
935
658
784
69
155
613
177
210
744
28
46
782
22
564
528
494
187
692
608
751
315
344
660
725
752
227
713
410
655
136
315
111
116
659
299
808
160
908
745
495
39
235
483
211
284
437
747
98
357
43
804
6
642
686
735
946
870
536
837
319
272
875
151
453
939
460
207
825
247
393
608
388
452
818
267
659
697
983
821
756
78
697
829
613
826
554
726
309
431
909
123
855
81
669
101
928
532
351
244
738
933
67
104
613
12
292
346
321
963
736
300
724
267
405
297
84
96
541
83
593
916
954
974
575
166
980
397
875
778
805
359
629
352
573
727
339
265
718
685
895
512
606
147
968
37
710
928
599
869
929
869
601
855
165
210
543
386
910
729
580
